       29989
       29186
       40458
        3173
       23003
       63043
        2556
       57127
       34490
        8499
       27851
       64407
       32400
       43772
       23394
       23917
       56477
       50894
       48274
       32717
       53560
       41013
       53376
       49303
        1361
       32351
       29696
       62132
       22917
       58376
       18898
       55292
       22871
       45349
        1240
       33792
       39983
       28982
       34963
       48636
       13518
       31710
       30093
       16255
       30530
       59641
       53678
       37099
       54418
       23262
       26730
       37324
       24828
       59369
       63214
       24378
       58014
       22839
       56838
       35235
        5320
       47487
       23774
       16795
       49057
       21805
       43674
        6099
       44061
       26965
       52722
       27436
       52331
       62255
        9595
       55611
       27755
       51154
       52800
       60646
       55981
       52954
       63442
       48775
       37406
       26641
       52715
       22473
       36760
       24853
       16793
       56279
       29810
       22802
       26219
       48155
       24153
       65353
       30284
       55025
       25156
       29635
       49386
       41961
       43106
       52752
       14505
       25300
       24840
        5858
        3294
       52503
       19142
       43082
       61675
       59778
       35687
       64296
       15118
       24211
        7803
       12883
       44190
       14906
       21123
       13423
        7088
        5916
        8954
       58592
       42010
       54374
       49291
       11746
       10707
       15340
       21317
        7176
       25370
       44057
         959
       42252
        4144
       17379
       43918
       59983
       52002
       15612
       12550
       17551
